{
 "cells": [
  {
   "cell_type": "code",
   "execution_count": 1,
   "id": "57746595",
   "metadata": {},
   "outputs": [],
   "source": [
    "# import libraries\n",
    "import numpy as np\n",
    "import sys\n",
    "import psi4\n",
    "from helper_PFCI import PFHamiltonianGenerator\n",
    "np.set_printoptions(threshold=sys.maxsize)\n",
    "psi4.core.set_output_file('output.dat', False)\n",
    "import json\n",
    "import git\n"
   ]
  },
  {
   "cell_type": "code",
   "execution_count": 2,
   "id": "61e7b480",
   "metadata": {},
   "outputs": [
    {
     "name": "stdout",
     "output_type": "stream",
     "text": [
      "319ea52b35e631a4b2a7ded8f56febf10b39eac6\n"
     ]
    }
   ],
   "source": [
    "# get commit number for github repository\n",
    "repo = git.Repo(search_parent_directories=True)  \n",
    "sha = repo.head.object.hexsha\n",
    "print(sha)"
   ]
  },
  {
   "cell_type": "code",
   "execution_count": 3,
   "id": "fab14536",
   "metadata": {},
   "outputs": [],
   "source": [
    "# setup basic arguments for qed-ci calculation\n",
    "mol_str = \"\"\"\n",
    "Li\n",
    "H 1 1.8\n",
    "symmetry c1\n",
    "\"\"\"\n",
    "\n",
    "options_dict = {\n",
    "    \"basis\": \"sto-3g\",\n",
    "    \"scf_type\": \"pk\",\n",
    "    \"e_convergence\": 1e-10,\n",
    "    \"d_convergence\": 1e-10,\n",
    "}\n",
    "\n",
    "cavity_dict = {\n",
    "    'omega_value' : 0.12086,\n",
    "    'lambda_vector' : np.array([0, 0, 0.05]),\n",
    "    'ci_level' : 'fci',   \n",
    "    'full_diagonalization' : True,\n",
    "    'number_of_photons' : 0, \n",
    "}\n",
    "\n",
    "\n",
    "cavity_free_dict = {\n",
    "    'omega_value' : 0.0,\n",
    "    'lambda_vector' : np.array([0, 0, 0.0]),\n",
    "    'ci_level' : 'fci',   \n",
    "    'full_diagonalization' : True,\n",
    "    'number_of_photons' : 0, \n",
    "}\n",
    "\n"
   ]
  },
  {
   "cell_type": "code",
   "execution_count": 4,
   "id": "6b44b045",
   "metadata": {},
   "outputs": [],
   "source": [
    "# set up base dictionary - some of this will be updated with each calculation\n",
    "dictionary = {\n",
    "  \"repo\" : {\n",
    "      \n",
    "      \"repository_url\" : \" https://github.com/FoleyLab/SCQED-PCQED\",\n",
    "      \"branch\" : \"ruby_qed\",\n",
    "      \"commit\" : sha\n",
    "  },\n",
    "    \n",
    "  \"molecule\" : {\n",
    "    \"molecule_name\": \"LiH\",\n",
    "    \"geometry\": [],\n",
    "    \"symbols\": [\n",
    "      \"Li\",\n",
    "      \"H\"\n",
    "    ],\n",
    "    \"z-matrix\" : mol_str,\n",
    "    \"bond_length\" : 1.8,\n",
    "  },\n",
    "    \"driver\": \"energy\",\n",
    "    \"model\" : {\n",
    "        \"method\" : \"pCQED\",\n",
    "        \"orbital_basis\"  : options_dict[\"basis\"],\n",
    "        \"photon_basis\" : \"number_basis\",\n",
    "        \"number_of_photon_states\" : 10,\n",
    "        \"number_of_electronic_states\" : 2,\n",
    "        \n",
    "        \"lambda\" : [\n",
    "            0,\n",
    "            0,\n",
    "            0,\n",
    "        ],\n",
    "        \"omega\" : 0,\n",
    "    },\n",
    "    \n",
    "    \"return_result\" : [\n",
    "        \n",
    "    ],\n",
    "    \"cavity_free_rhf_energy\" : 0.,\n",
    "    \"cavity_free_ci_ground_state_energy\" : 0.,\n",
    "    \n",
    "}\n",
    "\n",
    "# # function to generate file names based on system details\n",
    "# def generate_file_name(dic):\n",
    "# #     string_r = \"{:.3f}\".format(r)\n",
    "#     file_name = dic[\"molecule\"][\"molecule_name\"] + \"_\"\n",
    "# #     file_name += \"r_\" + string_r + \"_\"\n",
    "#     file_name += str(dictionary[\"model\"][\"method\"]) + \"_\"\n",
    "#     file_name += str(dictionary[\"model\"][\"orbital_basis\"]) + \"_\"\n",
    "#     file_name += str(dictionary[\"model\"][\"photon_basis\"]) + \"_\"\n",
    "#     file_name += str(dictionary[\"model\"][\"number_of_photon_states\"]) + \"_\"\n",
    "#     file_name += str(dictionary[\"model\"][\"number_of_electronic_states\"]) + \"_\"\n",
    "#     file_name += \"lambda_\" + str(dictionary[\"model\"][\"lambda\"][0]) \n",
    "#     file_name += \"_\" + str(dictionary[\"model\"][\"lambda\"][1]) \n",
    "#     file_name += \"_\" + str(dictionary[\"model\"][\"lambda\"][2]) + \"_\"\n",
    "#     file_name += \"omega_\" + str(dictionary[\"model\"][\"omega\"]) + \".json\"\n",
    "#     return file_name"
   ]
  },
  {
   "cell_type": "code",
   "execution_count": 5,
   "id": "26344f72",
   "metadata": {},
   "outputs": [],
   "source": [
    "# print(dictionary)\n",
    "# print(generate_file_name(dictionary))"
   ]
  },
  {
   "cell_type": "code",
   "execution_count": 6,
   "id": "14ad5bb0",
   "metadata": {},
   "outputs": [
    {
     "name": "stdout",
     "output_type": "stream",
     "text": [
      "\n",
      "Start SCF iterations:\n",
      "\n",
      "Canonical RHF One-electron energy = -12.6946346236296037\n",
      "CQED-RHF One-electron energy      = -12.6946346236296037\n",
      "Nuclear repulsion energy          = 1.1339511657214287\n",
      "Dipole energy                     = 0.0000000000000000\n",
      "SCF Iteration   1: Energy = -7.8605386610570473   dE = -7.86054E+00   dRMS = 1.78805E-13\n",
      "SCF Iteration   2: Energy = -7.8605386610570385   dE =  8.88178E-15   dRMS = 3.97663E-14\n",
      "Total time for SCF iterations: 0.000 seconds \n",
      "\n",
      "QED-RHF   energy: -7.86053866 hartree\n",
      "Psi4  SCF energy: -7.86053866 hartree\n",
      " Completed QED-RHF in 0.08693194389343262 seconds\n",
      " Completed 1HSO Build in 5.817413330078125e-05 seconds\n",
      " Completed ERI Build in 0.0011289119720458984 seconds \n",
      " Completed 2D build in 8.606910705566406e-05 seconds\n",
      " Completed 1G build in 1.4781951904296875e-05 seconds\n",
      " Completed the Dipole Matrix Build in 3.814697265625e-05 seconds\n",
      " Completed determinant list in 0.00044918060302734375 seconds \n",
      " Completed constant offset matrix in 0.00014090538024902344 seconds\n",
      " Completed Hamiltonian build in 0.6749429702758789 seconds\n",
      "D matrix from loop way [[ 5.12854193e-03 -7.17160210e-04 -7.00507984e-18 -4.00274954e-18\n",
      "  -7.79873197e-04  2.65062311e-03 -6.30435072e-18 -1.09512981e-15\n",
      "  -1.16396974e-03  4.07100216e-19  0.00000000e+00  0.00000000e+00\n",
      "   0.00000000e+00  0.00000000e+00  0.00000000e+00  0.00000000e+00\n",
      "   0.00000000e+00  0.00000000e+00  0.00000000e+00  0.00000000e+00\n",
      "   0.00000000e+00  0.00000000e+00  0.00000000e+00  0.00000000e+00\n",
      "   0.00000000e+00  0.00000000e+00  0.00000000e+00  0.00000000e+00\n",
      "   0.00000000e+00  0.00000000e+00  0.00000000e+00  0.00000000e+00\n",
      "   0.00000000e+00  0.00000000e+00  0.00000000e+00  0.00000000e+00\n",
      "   0.00000000e+00  0.00000000e+00  0.00000000e+00  0.00000000e+00\n",
      "   0.00000000e+00  0.00000000e+00  0.00000000e+00  0.00000000e+00\n",
      "   0.00000000e+00  0.00000000e+00  0.00000000e+00  0.00000000e+00\n",
      "   0.00000000e+00  0.00000000e+00]\n",
      " [-7.17160210e-04  5.09963957e-03  6.21196070e-17  9.39313906e-18\n",
      "   1.81316124e-03  1.14662619e-03 -4.86789930e-18 -4.73434041e-16\n",
      "   9.89670549e-04 -5.45052079e-19  0.00000000e+00  0.00000000e+00\n",
      "   0.00000000e+00  0.00000000e+00  0.00000000e+00  0.00000000e+00\n",
      "   0.00000000e+00  0.00000000e+00  0.00000000e+00  0.00000000e+00\n",
      "   0.00000000e+00  0.00000000e+00  0.00000000e+00  0.00000000e+00\n",
      "   0.00000000e+00  0.00000000e+00  0.00000000e+00  0.00000000e+00\n",
      "   0.00000000e+00  0.00000000e+00  0.00000000e+00  0.00000000e+00\n",
      "   0.00000000e+00  0.00000000e+00  0.00000000e+00  0.00000000e+00\n",
      "   0.00000000e+00  0.00000000e+00  0.00000000e+00  0.00000000e+00\n",
      "   0.00000000e+00  0.00000000e+00  0.00000000e+00  0.00000000e+00\n",
      "   0.00000000e+00  0.00000000e+00  0.00000000e+00  0.00000000e+00\n",
      "   0.00000000e+00  0.00000000e+00]\n",
      " [-7.00507984e-18  6.21196070e-17  2.40685020e-05 -6.21018904e-05\n",
      "   3.87874127e-17 -2.58608788e-17 -1.85105520e-04 -1.36397372e-04\n",
      "   3.15005270e-17  2.50255912e-04  0.00000000e+00  0.00000000e+00\n",
      "   0.00000000e+00  0.00000000e+00  0.00000000e+00  0.00000000e+00\n",
      "   0.00000000e+00  0.00000000e+00  0.00000000e+00  0.00000000e+00\n",
      "   0.00000000e+00  0.00000000e+00  0.00000000e+00  0.00000000e+00\n",
      "   0.00000000e+00  0.00000000e+00  0.00000000e+00  0.00000000e+00\n",
      "   0.00000000e+00  0.00000000e+00  0.00000000e+00  0.00000000e+00\n",
      "   0.00000000e+00  0.00000000e+00  0.00000000e+00  0.00000000e+00\n",
      "   0.00000000e+00  0.00000000e+00  0.00000000e+00  0.00000000e+00\n",
      "   0.00000000e+00  0.00000000e+00  0.00000000e+00  0.00000000e+00\n",
      "   0.00000000e+00  0.00000000e+00  0.00000000e+00  0.00000000e+00\n",
      "   0.00000000e+00  0.00000000e+00]\n",
      " [-4.00274954e-18  9.39313906e-18 -6.21018904e-05  2.40971510e-04\n",
      "  -3.91457567e-18  7.96665359e-17  7.84079092e-04  1.96401605e-04\n",
      "   2.71620286e-19 -9.40647453e-04  0.00000000e+00  0.00000000e+00\n",
      "   0.00000000e+00  0.00000000e+00  0.00000000e+00  0.00000000e+00\n",
      "   0.00000000e+00  0.00000000e+00  0.00000000e+00  0.00000000e+00\n",
      "   0.00000000e+00  0.00000000e+00  0.00000000e+00  0.00000000e+00\n",
      "   0.00000000e+00  0.00000000e+00  0.00000000e+00  0.00000000e+00\n",
      "   0.00000000e+00  0.00000000e+00  0.00000000e+00  0.00000000e+00\n",
      "   0.00000000e+00  0.00000000e+00  0.00000000e+00  0.00000000e+00\n",
      "   0.00000000e+00  0.00000000e+00  0.00000000e+00  0.00000000e+00\n",
      "   0.00000000e+00  0.00000000e+00  0.00000000e+00  0.00000000e+00\n",
      "   0.00000000e+00  0.00000000e+00  0.00000000e+00  0.00000000e+00\n",
      "   0.00000000e+00  0.00000000e+00]\n",
      " [-7.79873197e-04  1.81316124e-03  3.87874127e-17 -3.91457567e-18\n",
      "   1.44397052e-02  6.21561215e-03 -6.08907142e-18 -2.60032092e-15\n",
      "   3.47996200e-03 -2.19995385e-17  0.00000000e+00  0.00000000e+00\n",
      "   0.00000000e+00  0.00000000e+00  0.00000000e+00  0.00000000e+00\n",
      "   0.00000000e+00  0.00000000e+00  0.00000000e+00  0.00000000e+00\n",
      "   0.00000000e+00  0.00000000e+00  0.00000000e+00  0.00000000e+00\n",
      "   0.00000000e+00  0.00000000e+00  0.00000000e+00  0.00000000e+00\n",
      "   0.00000000e+00  0.00000000e+00  0.00000000e+00  0.00000000e+00\n",
      "   0.00000000e+00  0.00000000e+00  0.00000000e+00  0.00000000e+00\n",
      "   0.00000000e+00  0.00000000e+00  0.00000000e+00  0.00000000e+00\n",
      "   0.00000000e+00  0.00000000e+00  0.00000000e+00  0.00000000e+00\n",
      "   0.00000000e+00  0.00000000e+00  0.00000000e+00  0.00000000e+00\n",
      "   0.00000000e+00  0.00000000e+00]\n",
      " [ 2.65062311e-03  1.14662619e-03 -2.58608788e-17  7.96665359e-17\n",
      "   6.21561215e-03  8.24736298e-03  2.76266002e-16  4.58091446e-15\n",
      "   4.84011260e-03 -1.07207438e-15  0.00000000e+00  0.00000000e+00\n",
      "   0.00000000e+00  0.00000000e+00  0.00000000e+00  0.00000000e+00\n",
      "   0.00000000e+00  0.00000000e+00  0.00000000e+00  0.00000000e+00\n",
      "   0.00000000e+00  0.00000000e+00  0.00000000e+00  0.00000000e+00\n",
      "   0.00000000e+00  0.00000000e+00  0.00000000e+00  0.00000000e+00\n",
      "   0.00000000e+00  0.00000000e+00  0.00000000e+00  0.00000000e+00\n",
      "   0.00000000e+00  0.00000000e+00  0.00000000e+00  0.00000000e+00\n",
      "   0.00000000e+00  0.00000000e+00  0.00000000e+00  0.00000000e+00\n",
      "   0.00000000e+00  0.00000000e+00  0.00000000e+00  0.00000000e+00\n",
      "   0.00000000e+00  0.00000000e+00  0.00000000e+00  0.00000000e+00\n",
      "   0.00000000e+00  0.00000000e+00]\n",
      " [-6.30435072e-18 -4.86789930e-18 -1.85105520e-04  7.84079092e-04\n",
      "  -6.08907142e-18  2.76266002e-16  2.13005737e-02  5.85580416e-04\n",
      "  -1.56173256e-17 -8.96942050e-03  0.00000000e+00  0.00000000e+00\n",
      "   0.00000000e+00  0.00000000e+00  0.00000000e+00  0.00000000e+00\n",
      "   0.00000000e+00  0.00000000e+00  0.00000000e+00  0.00000000e+00\n",
      "   0.00000000e+00  0.00000000e+00  0.00000000e+00  0.00000000e+00\n",
      "   0.00000000e+00  0.00000000e+00  0.00000000e+00  0.00000000e+00\n",
      "   0.00000000e+00  0.00000000e+00  0.00000000e+00  0.00000000e+00\n",
      "   0.00000000e+00  0.00000000e+00  0.00000000e+00  0.00000000e+00\n",
      "   0.00000000e+00  0.00000000e+00  0.00000000e+00  0.00000000e+00\n",
      "   0.00000000e+00  0.00000000e+00  0.00000000e+00  0.00000000e+00\n",
      "   0.00000000e+00  0.00000000e+00  0.00000000e+00  0.00000000e+00\n",
      "   0.00000000e+00  0.00000000e+00]\n",
      " [-1.09512981e-15 -4.73434041e-16 -1.36397372e-04  1.96401605e-04\n",
      "  -2.60032092e-15  4.58091446e-15  5.85580416e-04  1.93669605e-02\n",
      "  -2.00628831e-15 -2.50453225e-03  0.00000000e+00  0.00000000e+00\n",
      "   0.00000000e+00  0.00000000e+00  0.00000000e+00  0.00000000e+00\n",
      "   0.00000000e+00  0.00000000e+00  0.00000000e+00  0.00000000e+00\n",
      "   0.00000000e+00  0.00000000e+00  0.00000000e+00  0.00000000e+00\n",
      "   0.00000000e+00  0.00000000e+00  0.00000000e+00  0.00000000e+00\n",
      "   0.00000000e+00  0.00000000e+00  0.00000000e+00  0.00000000e+00\n",
      "   0.00000000e+00  0.00000000e+00  0.00000000e+00  0.00000000e+00\n",
      "   0.00000000e+00  0.00000000e+00  0.00000000e+00  0.00000000e+00\n",
      "   0.00000000e+00  0.00000000e+00  0.00000000e+00  0.00000000e+00\n",
      "   0.00000000e+00  0.00000000e+00  0.00000000e+00  0.00000000e+00\n",
      "   0.00000000e+00  0.00000000e+00]\n",
      " [-1.16396974e-03  9.89670549e-04  3.15005270e-17  2.71620286e-19\n",
      "   3.47996200e-03  4.84011260e-03 -1.56173256e-17 -2.00628831e-15\n",
      "   1.04973767e-02 -1.48906110e-17  0.00000000e+00  0.00000000e+00\n",
      "   0.00000000e+00  0.00000000e+00  0.00000000e+00  0.00000000e+00\n",
      "   0.00000000e+00  0.00000000e+00  0.00000000e+00  0.00000000e+00\n",
      "   0.00000000e+00  0.00000000e+00  0.00000000e+00  0.00000000e+00\n",
      "   0.00000000e+00  0.00000000e+00  0.00000000e+00  0.00000000e+00\n",
      "   0.00000000e+00  0.00000000e+00  0.00000000e+00  0.00000000e+00\n",
      "   0.00000000e+00  0.00000000e+00  0.00000000e+00  0.00000000e+00\n",
      "   0.00000000e+00  0.00000000e+00  0.00000000e+00  0.00000000e+00\n",
      "   0.00000000e+00  0.00000000e+00  0.00000000e+00  0.00000000e+00\n",
      "   0.00000000e+00  0.00000000e+00  0.00000000e+00  0.00000000e+00\n",
      "   0.00000000e+00  0.00000000e+00]\n",
      " [ 4.07100216e-19 -5.45052079e-19  2.50255912e-04 -9.40647453e-04\n",
      "  -2.19995385e-17 -1.07207438e-15 -8.96942050e-03 -2.50453225e-03\n",
      "  -1.48906110e-17  5.76973354e-03  0.00000000e+00  0.00000000e+00\n",
      "   0.00000000e+00  0.00000000e+00  0.00000000e+00  0.00000000e+00\n",
      "   0.00000000e+00  0.00000000e+00  0.00000000e+00  0.00000000e+00\n",
      "   0.00000000e+00  0.00000000e+00  0.00000000e+00  0.00000000e+00\n",
      "   0.00000000e+00  0.00000000e+00  0.00000000e+00  0.00000000e+00\n",
      "   0.00000000e+00  0.00000000e+00  0.00000000e+00  0.00000000e+00\n",
      "   0.00000000e+00  0.00000000e+00  0.00000000e+00  0.00000000e+00\n",
      "   0.00000000e+00  0.00000000e+00  0.00000000e+00  0.00000000e+00\n",
      "   0.00000000e+00  0.00000000e+00  0.00000000e+00  0.00000000e+00\n",
      "   0.00000000e+00  0.00000000e+00  0.00000000e+00  0.00000000e+00\n",
      "   0.00000000e+00  0.00000000e+00]\n",
      " [ 0.00000000e+00  0.00000000e+00  0.00000000e+00  0.00000000e+00\n",
      "   0.00000000e+00  0.00000000e+00  0.00000000e+00  0.00000000e+00\n",
      "   0.00000000e+00  0.00000000e+00  5.12854193e-03 -7.17160210e-04\n",
      "  -7.00507984e-18 -4.00274954e-18 -7.79873197e-04  2.65062311e-03\n",
      "  -6.30435072e-18 -1.09512981e-15 -1.16396974e-03  4.07100216e-19\n",
      "   0.00000000e+00  0.00000000e+00  0.00000000e+00  0.00000000e+00\n",
      "   0.00000000e+00  0.00000000e+00  0.00000000e+00  0.00000000e+00\n",
      "   0.00000000e+00  0.00000000e+00  0.00000000e+00  0.00000000e+00\n",
      "   0.00000000e+00  0.00000000e+00  0.00000000e+00  0.00000000e+00\n",
      "   0.00000000e+00  0.00000000e+00  0.00000000e+00  0.00000000e+00\n",
      "   0.00000000e+00  0.00000000e+00  0.00000000e+00  0.00000000e+00\n",
      "   0.00000000e+00  0.00000000e+00  0.00000000e+00  0.00000000e+00\n",
      "   0.00000000e+00  0.00000000e+00]\n",
      " [ 0.00000000e+00  0.00000000e+00  0.00000000e+00  0.00000000e+00\n",
      "   0.00000000e+00  0.00000000e+00  0.00000000e+00  0.00000000e+00\n",
      "   0.00000000e+00  0.00000000e+00 -7.17160210e-04  5.09963957e-03\n",
      "   6.21196070e-17  9.39313906e-18  1.81316124e-03  1.14662619e-03\n",
      "  -4.86789930e-18 -4.73434041e-16  9.89670549e-04 -5.45052079e-19\n",
      "   0.00000000e+00  0.00000000e+00  0.00000000e+00  0.00000000e+00\n",
      "   0.00000000e+00  0.00000000e+00  0.00000000e+00  0.00000000e+00\n",
      "   0.00000000e+00  0.00000000e+00  0.00000000e+00  0.00000000e+00\n",
      "   0.00000000e+00  0.00000000e+00  0.00000000e+00  0.00000000e+00\n",
      "   0.00000000e+00  0.00000000e+00  0.00000000e+00  0.00000000e+00\n",
      "   0.00000000e+00  0.00000000e+00  0.00000000e+00  0.00000000e+00\n",
      "   0.00000000e+00  0.00000000e+00  0.00000000e+00  0.00000000e+00\n",
      "   0.00000000e+00  0.00000000e+00]\n",
      " [ 0.00000000e+00  0.00000000e+00  0.00000000e+00  0.00000000e+00\n",
      "   0.00000000e+00  0.00000000e+00  0.00000000e+00  0.00000000e+00\n",
      "   0.00000000e+00  0.00000000e+00 -7.00507984e-18  6.21196070e-17\n",
      "   2.40685020e-05 -6.21018904e-05  3.87874127e-17 -2.58608788e-17\n",
      "  -1.85105520e-04 -1.36397372e-04  3.15005270e-17  2.50255912e-04\n",
      "   0.00000000e+00  0.00000000e+00  0.00000000e+00  0.00000000e+00\n",
      "   0.00000000e+00  0.00000000e+00  0.00000000e+00  0.00000000e+00\n",
      "   0.00000000e+00  0.00000000e+00  0.00000000e+00  0.00000000e+00\n",
      "   0.00000000e+00  0.00000000e+00  0.00000000e+00  0.00000000e+00\n",
      "   0.00000000e+00  0.00000000e+00  0.00000000e+00  0.00000000e+00\n",
      "   0.00000000e+00  0.00000000e+00  0.00000000e+00  0.00000000e+00\n",
      "   0.00000000e+00  0.00000000e+00  0.00000000e+00  0.00000000e+00\n",
      "   0.00000000e+00  0.00000000e+00]\n",
      " [ 0.00000000e+00  0.00000000e+00  0.00000000e+00  0.00000000e+00\n",
      "   0.00000000e+00  0.00000000e+00  0.00000000e+00  0.00000000e+00\n",
      "   0.00000000e+00  0.00000000e+00 -4.00274954e-18  9.39313906e-18\n",
      "  -6.21018904e-05  2.40971510e-04 -3.91457567e-18  7.96665359e-17\n",
      "   7.84079092e-04  1.96401605e-04  2.71620286e-19 -9.40647453e-04\n",
      "   0.00000000e+00  0.00000000e+00  0.00000000e+00  0.00000000e+00\n",
      "   0.00000000e+00  0.00000000e+00  0.00000000e+00  0.00000000e+00\n",
      "   0.00000000e+00  0.00000000e+00  0.00000000e+00  0.00000000e+00\n",
      "   0.00000000e+00  0.00000000e+00  0.00000000e+00  0.00000000e+00\n",
      "   0.00000000e+00  0.00000000e+00  0.00000000e+00  0.00000000e+00\n",
      "   0.00000000e+00  0.00000000e+00  0.00000000e+00  0.00000000e+00\n",
      "   0.00000000e+00  0.00000000e+00  0.00000000e+00  0.00000000e+00\n",
      "   0.00000000e+00  0.00000000e+00]\n",
      " [ 0.00000000e+00  0.00000000e+00  0.00000000e+00  0.00000000e+00\n",
      "   0.00000000e+00  0.00000000e+00  0.00000000e+00  0.00000000e+00\n",
      "   0.00000000e+00  0.00000000e+00 -7.79873197e-04  1.81316124e-03\n",
      "   3.87874127e-17 -3.91457567e-18  1.44397052e-02  6.21561215e-03\n",
      "  -6.08907142e-18 -2.60032092e-15  3.47996200e-03 -2.19995385e-17\n",
      "   0.00000000e+00  0.00000000e+00  0.00000000e+00  0.00000000e+00\n",
      "   0.00000000e+00  0.00000000e+00  0.00000000e+00  0.00000000e+00\n",
      "   0.00000000e+00  0.00000000e+00  0.00000000e+00  0.00000000e+00\n",
      "   0.00000000e+00  0.00000000e+00  0.00000000e+00  0.00000000e+00\n",
      "   0.00000000e+00  0.00000000e+00  0.00000000e+00  0.00000000e+00\n",
      "   0.00000000e+00  0.00000000e+00  0.00000000e+00  0.00000000e+00\n",
      "   0.00000000e+00  0.00000000e+00  0.00000000e+00  0.00000000e+00\n",
      "   0.00000000e+00  0.00000000e+00]\n",
      " [ 0.00000000e+00  0.00000000e+00  0.00000000e+00  0.00000000e+00\n",
      "   0.00000000e+00  0.00000000e+00  0.00000000e+00  0.00000000e+00\n",
      "   0.00000000e+00  0.00000000e+00  2.65062311e-03  1.14662619e-03\n",
      "  -2.58608788e-17  7.96665359e-17  6.21561215e-03  8.24736298e-03\n",
      "   2.76266002e-16  4.58091446e-15  4.84011260e-03 -1.07207438e-15\n",
      "   0.00000000e+00  0.00000000e+00  0.00000000e+00  0.00000000e+00\n",
      "   0.00000000e+00  0.00000000e+00  0.00000000e+00  0.00000000e+00\n",
      "   0.00000000e+00  0.00000000e+00  0.00000000e+00  0.00000000e+00\n",
      "   0.00000000e+00  0.00000000e+00  0.00000000e+00  0.00000000e+00\n",
      "   0.00000000e+00  0.00000000e+00  0.00000000e+00  0.00000000e+00\n",
      "   0.00000000e+00  0.00000000e+00  0.00000000e+00  0.00000000e+00\n",
      "   0.00000000e+00  0.00000000e+00  0.00000000e+00  0.00000000e+00\n",
      "   0.00000000e+00  0.00000000e+00]\n",
      " [ 0.00000000e+00  0.00000000e+00  0.00000000e+00  0.00000000e+00\n",
      "   0.00000000e+00  0.00000000e+00  0.00000000e+00  0.00000000e+00\n",
      "   0.00000000e+00  0.00000000e+00 -6.30435072e-18 -4.86789930e-18\n",
      "  -1.85105520e-04  7.84079092e-04 -6.08907142e-18  2.76266002e-16\n",
      "   2.13005737e-02  5.85580416e-04 -1.56173256e-17 -8.96942050e-03\n",
      "   0.00000000e+00  0.00000000e+00  0.00000000e+00  0.00000000e+00\n",
      "   0.00000000e+00  0.00000000e+00  0.00000000e+00  0.00000000e+00\n",
      "   0.00000000e+00  0.00000000e+00  0.00000000e+00  0.00000000e+00\n",
      "   0.00000000e+00  0.00000000e+00  0.00000000e+00  0.00000000e+00\n",
      "   0.00000000e+00  0.00000000e+00  0.00000000e+00  0.00000000e+00\n",
      "   0.00000000e+00  0.00000000e+00  0.00000000e+00  0.00000000e+00\n",
      "   0.00000000e+00  0.00000000e+00  0.00000000e+00  0.00000000e+00\n",
      "   0.00000000e+00  0.00000000e+00]\n",
      " [ 0.00000000e+00  0.00000000e+00  0.00000000e+00  0.00000000e+00\n",
      "   0.00000000e+00  0.00000000e+00  0.00000000e+00  0.00000000e+00\n",
      "   0.00000000e+00  0.00000000e+00 -1.09512981e-15 -4.73434041e-16\n",
      "  -1.36397372e-04  1.96401605e-04 -2.60032092e-15  4.58091446e-15\n",
      "   5.85580416e-04  1.93669605e-02 -2.00628831e-15 -2.50453225e-03\n",
      "   0.00000000e+00  0.00000000e+00  0.00000000e+00  0.00000000e+00\n",
      "   0.00000000e+00  0.00000000e+00  0.00000000e+00  0.00000000e+00\n",
      "   0.00000000e+00  0.00000000e+00  0.00000000e+00  0.00000000e+00\n",
      "   0.00000000e+00  0.00000000e+00  0.00000000e+00  0.00000000e+00\n",
      "   0.00000000e+00  0.00000000e+00  0.00000000e+00  0.00000000e+00\n",
      "   0.00000000e+00  0.00000000e+00  0.00000000e+00  0.00000000e+00\n",
      "   0.00000000e+00  0.00000000e+00  0.00000000e+00  0.00000000e+00\n",
      "   0.00000000e+00  0.00000000e+00]\n",
      " [ 0.00000000e+00  0.00000000e+00  0.00000000e+00  0.00000000e+00\n",
      "   0.00000000e+00  0.00000000e+00  0.00000000e+00  0.00000000e+00\n",
      "   0.00000000e+00  0.00000000e+00 -1.16396974e-03  9.89670549e-04\n",
      "   3.15005270e-17  2.71620286e-19  3.47996200e-03  4.84011260e-03\n",
      "  -1.56173256e-17 -2.00628831e-15  1.04973767e-02 -1.48906110e-17\n",
      "   0.00000000e+00  0.00000000e+00  0.00000000e+00  0.00000000e+00\n",
      "   0.00000000e+00  0.00000000e+00  0.00000000e+00  0.00000000e+00\n",
      "   0.00000000e+00  0.00000000e+00  0.00000000e+00  0.00000000e+00\n",
      "   0.00000000e+00  0.00000000e+00  0.00000000e+00  0.00000000e+00\n",
      "   0.00000000e+00  0.00000000e+00  0.00000000e+00  0.00000000e+00\n",
      "   0.00000000e+00  0.00000000e+00  0.00000000e+00  0.00000000e+00\n",
      "   0.00000000e+00  0.00000000e+00  0.00000000e+00  0.00000000e+00\n",
      "   0.00000000e+00  0.00000000e+00]\n",
      " [ 0.00000000e+00  0.00000000e+00  0.00000000e+00  0.00000000e+00\n",
      "   0.00000000e+00  0.00000000e+00  0.00000000e+00  0.00000000e+00\n",
      "   0.00000000e+00  0.00000000e+00  4.07100216e-19 -5.45052079e-19\n",
      "   2.50255912e-04 -9.40647453e-04 -2.19995385e-17 -1.07207438e-15\n",
      "  -8.96942050e-03 -2.50453225e-03 -1.48906110e-17  5.76973354e-03\n",
      "   0.00000000e+00  0.00000000e+00  0.00000000e+00  0.00000000e+00\n",
      "   0.00000000e+00  0.00000000e+00  0.00000000e+00  0.00000000e+00\n",
      "   0.00000000e+00  0.00000000e+00  0.00000000e+00  0.00000000e+00\n",
      "   0.00000000e+00  0.00000000e+00  0.00000000e+00  0.00000000e+00\n",
      "   0.00000000e+00  0.00000000e+00  0.00000000e+00  0.00000000e+00\n",
      "   0.00000000e+00  0.00000000e+00  0.00000000e+00  0.00000000e+00\n",
      "   0.00000000e+00  0.00000000e+00  0.00000000e+00  0.00000000e+00\n",
      "   0.00000000e+00  0.00000000e+00]\n",
      " [ 0.00000000e+00  0.00000000e+00  0.00000000e+00  0.00000000e+00\n",
      "   0.00000000e+00  0.00000000e+00  0.00000000e+00  0.00000000e+00\n",
      "   0.00000000e+00  0.00000000e+00  0.00000000e+00  0.00000000e+00\n",
      "   0.00000000e+00  0.00000000e+00  0.00000000e+00  0.00000000e+00\n",
      "   0.00000000e+00  0.00000000e+00  0.00000000e+00  0.00000000e+00\n",
      "   5.12854193e-03 -7.17160210e-04 -7.00507984e-18 -4.00274954e-18\n",
      "  -7.79873197e-04  2.65062311e-03 -6.30435072e-18 -1.09512981e-15\n",
      "  -1.16396974e-03  4.07100216e-19  0.00000000e+00  0.00000000e+00\n",
      "   0.00000000e+00  0.00000000e+00  0.00000000e+00  0.00000000e+00\n",
      "   0.00000000e+00  0.00000000e+00  0.00000000e+00  0.00000000e+00\n",
      "   0.00000000e+00  0.00000000e+00  0.00000000e+00  0.00000000e+00\n",
      "   0.00000000e+00  0.00000000e+00  0.00000000e+00  0.00000000e+00\n",
      "   0.00000000e+00  0.00000000e+00]\n",
      " [ 0.00000000e+00  0.00000000e+00  0.00000000e+00  0.00000000e+00\n",
      "   0.00000000e+00  0.00000000e+00  0.00000000e+00  0.00000000e+00\n",
      "   0.00000000e+00  0.00000000e+00  0.00000000e+00  0.00000000e+00\n",
      "   0.00000000e+00  0.00000000e+00  0.00000000e+00  0.00000000e+00\n",
      "   0.00000000e+00  0.00000000e+00  0.00000000e+00  0.00000000e+00\n",
      "  -7.17160210e-04  5.09963957e-03  6.21196070e-17  9.39313906e-18\n",
      "   1.81316124e-03  1.14662619e-03 -4.86789930e-18 -4.73434041e-16\n",
      "   9.89670549e-04 -5.45052079e-19  0.00000000e+00  0.00000000e+00\n",
      "   0.00000000e+00  0.00000000e+00  0.00000000e+00  0.00000000e+00\n",
      "   0.00000000e+00  0.00000000e+00  0.00000000e+00  0.00000000e+00\n",
      "   0.00000000e+00  0.00000000e+00  0.00000000e+00  0.00000000e+00\n",
      "   0.00000000e+00  0.00000000e+00  0.00000000e+00  0.00000000e+00\n",
      "   0.00000000e+00  0.00000000e+00]\n",
      " [ 0.00000000e+00  0.00000000e+00  0.00000000e+00  0.00000000e+00\n",
      "   0.00000000e+00  0.00000000e+00  0.00000000e+00  0.00000000e+00\n",
      "   0.00000000e+00  0.00000000e+00  0.00000000e+00  0.00000000e+00\n",
      "   0.00000000e+00  0.00000000e+00  0.00000000e+00  0.00000000e+00\n",
      "   0.00000000e+00  0.00000000e+00  0.00000000e+00  0.00000000e+00\n",
      "  -7.00507984e-18  6.21196070e-17  2.40685020e-05 -6.21018904e-05\n",
      "   3.87874127e-17 -2.58608788e-17 -1.85105520e-04 -1.36397372e-04\n",
      "   3.15005270e-17  2.50255912e-04  0.00000000e+00  0.00000000e+00\n",
      "   0.00000000e+00  0.00000000e+00  0.00000000e+00  0.00000000e+00\n",
      "   0.00000000e+00  0.00000000e+00  0.00000000e+00  0.00000000e+00\n",
      "   0.00000000e+00  0.00000000e+00  0.00000000e+00  0.00000000e+00\n",
      "   0.00000000e+00  0.00000000e+00  0.00000000e+00  0.00000000e+00\n",
      "   0.00000000e+00  0.00000000e+00]\n",
      " [ 0.00000000e+00  0.00000000e+00  0.00000000e+00  0.00000000e+00\n",
      "   0.00000000e+00  0.00000000e+00  0.00000000e+00  0.00000000e+00\n",
      "   0.00000000e+00  0.00000000e+00  0.00000000e+00  0.00000000e+00\n",
      "   0.00000000e+00  0.00000000e+00  0.00000000e+00  0.00000000e+00\n",
      "   0.00000000e+00  0.00000000e+00  0.00000000e+00  0.00000000e+00\n",
      "  -4.00274954e-18  9.39313906e-18 -6.21018904e-05  2.40971510e-04\n",
      "  -3.91457567e-18  7.96665359e-17  7.84079092e-04  1.96401605e-04\n",
      "   2.71620286e-19 -9.40647453e-04  0.00000000e+00  0.00000000e+00\n",
      "   0.00000000e+00  0.00000000e+00  0.00000000e+00  0.00000000e+00\n",
      "   0.00000000e+00  0.00000000e+00  0.00000000e+00  0.00000000e+00\n",
      "   0.00000000e+00  0.00000000e+00  0.00000000e+00  0.00000000e+00\n",
      "   0.00000000e+00  0.00000000e+00  0.00000000e+00  0.00000000e+00\n",
      "   0.00000000e+00  0.00000000e+00]\n",
      " [ 0.00000000e+00  0.00000000e+00  0.00000000e+00  0.00000000e+00\n",
      "   0.00000000e+00  0.00000000e+00  0.00000000e+00  0.00000000e+00\n",
      "   0.00000000e+00  0.00000000e+00  0.00000000e+00  0.00000000e+00\n",
      "   0.00000000e+00  0.00000000e+00  0.00000000e+00  0.00000000e+00\n",
      "   0.00000000e+00  0.00000000e+00  0.00000000e+00  0.00000000e+00\n",
      "  -7.79873197e-04  1.81316124e-03  3.87874127e-17 -3.91457567e-18\n",
      "   1.44397052e-02  6.21561215e-03 -6.08907142e-18 -2.60032092e-15\n",
      "   3.47996200e-03 -2.19995385e-17  0.00000000e+00  0.00000000e+00\n",
      "   0.00000000e+00  0.00000000e+00  0.00000000e+00  0.00000000e+00\n",
      "   0.00000000e+00  0.00000000e+00  0.00000000e+00  0.00000000e+00\n",
      "   0.00000000e+00  0.00000000e+00  0.00000000e+00  0.00000000e+00\n",
      "   0.00000000e+00  0.00000000e+00  0.00000000e+00  0.00000000e+00\n",
      "   0.00000000e+00  0.00000000e+00]\n",
      " [ 0.00000000e+00  0.00000000e+00  0.00000000e+00  0.00000000e+00\n",
      "   0.00000000e+00  0.00000000e+00  0.00000000e+00  0.00000000e+00\n",
      "   0.00000000e+00  0.00000000e+00  0.00000000e+00  0.00000000e+00\n",
      "   0.00000000e+00  0.00000000e+00  0.00000000e+00  0.00000000e+00\n",
      "   0.00000000e+00  0.00000000e+00  0.00000000e+00  0.00000000e+00\n",
      "   2.65062311e-03  1.14662619e-03 -2.58608788e-17  7.96665359e-17\n",
      "   6.21561215e-03  8.24736298e-03  2.76266002e-16  4.58091446e-15\n",
      "   4.84011260e-03 -1.07207438e-15  0.00000000e+00  0.00000000e+00\n",
      "   0.00000000e+00  0.00000000e+00  0.00000000e+00  0.00000000e+00\n",
      "   0.00000000e+00  0.00000000e+00  0.00000000e+00  0.00000000e+00\n",
      "   0.00000000e+00  0.00000000e+00  0.00000000e+00  0.00000000e+00\n",
      "   0.00000000e+00  0.00000000e+00  0.00000000e+00  0.00000000e+00\n",
      "   0.00000000e+00  0.00000000e+00]\n",
      " [ 0.00000000e+00  0.00000000e+00  0.00000000e+00  0.00000000e+00\n",
      "   0.00000000e+00  0.00000000e+00  0.00000000e+00  0.00000000e+00\n",
      "   0.00000000e+00  0.00000000e+00  0.00000000e+00  0.00000000e+00\n",
      "   0.00000000e+00  0.00000000e+00  0.00000000e+00  0.00000000e+00\n",
      "   0.00000000e+00  0.00000000e+00  0.00000000e+00  0.00000000e+00\n",
      "  -6.30435072e-18 -4.86789930e-18 -1.85105520e-04  7.84079092e-04\n",
      "  -6.08907142e-18  2.76266002e-16  2.13005737e-02  5.85580416e-04\n",
      "  -1.56173256e-17 -8.96942050e-03  0.00000000e+00  0.00000000e+00\n",
      "   0.00000000e+00  0.00000000e+00  0.00000000e+00  0.00000000e+00\n",
      "   0.00000000e+00  0.00000000e+00  0.00000000e+00  0.00000000e+00\n",
      "   0.00000000e+00  0.00000000e+00  0.00000000e+00  0.00000000e+00\n",
      "   0.00000000e+00  0.00000000e+00  0.00000000e+00  0.00000000e+00\n",
      "   0.00000000e+00  0.00000000e+00]\n",
      " [ 0.00000000e+00  0.00000000e+00  0.00000000e+00  0.00000000e+00\n",
      "   0.00000000e+00  0.00000000e+00  0.00000000e+00  0.00000000e+00\n",
      "   0.00000000e+00  0.00000000e+00  0.00000000e+00  0.00000000e+00\n",
      "   0.00000000e+00  0.00000000e+00  0.00000000e+00  0.00000000e+00\n",
      "   0.00000000e+00  0.00000000e+00  0.00000000e+00  0.00000000e+00\n",
      "  -1.09512981e-15 -4.73434041e-16 -1.36397372e-04  1.96401605e-04\n",
      "  -2.60032092e-15  4.58091446e-15  5.85580416e-04  1.93669605e-02\n",
      "  -2.00628831e-15 -2.50453225e-03  0.00000000e+00  0.00000000e+00\n",
      "   0.00000000e+00  0.00000000e+00  0.00000000e+00  0.00000000e+00\n",
      "   0.00000000e+00  0.00000000e+00  0.00000000e+00  0.00000000e+00\n",
      "   0.00000000e+00  0.00000000e+00  0.00000000e+00  0.00000000e+00\n",
      "   0.00000000e+00  0.00000000e+00  0.00000000e+00  0.00000000e+00\n",
      "   0.00000000e+00  0.00000000e+00]\n",
      " [ 0.00000000e+00  0.00000000e+00  0.00000000e+00  0.00000000e+00\n",
      "   0.00000000e+00  0.00000000e+00  0.00000000e+00  0.00000000e+00\n",
      "   0.00000000e+00  0.00000000e+00  0.00000000e+00  0.00000000e+00\n",
      "   0.00000000e+00  0.00000000e+00  0.00000000e+00  0.00000000e+00\n",
      "   0.00000000e+00  0.00000000e+00  0.00000000e+00  0.00000000e+00\n",
      "  -1.16396974e-03  9.89670549e-04  3.15005270e-17  2.71620286e-19\n",
      "   3.47996200e-03  4.84011260e-03 -1.56173256e-17 -2.00628831e-15\n",
      "   1.04973767e-02 -1.48906110e-17  0.00000000e+00  0.00000000e+00\n",
      "   0.00000000e+00  0.00000000e+00  0.00000000e+00  0.00000000e+00\n",
      "   0.00000000e+00  0.00000000e+00  0.00000000e+00  0.00000000e+00\n",
      "   0.00000000e+00  0.00000000e+00  0.00000000e+00  0.00000000e+00\n",
      "   0.00000000e+00  0.00000000e+00  0.00000000e+00  0.00000000e+00\n",
      "   0.00000000e+00  0.00000000e+00]\n",
      " [ 0.00000000e+00  0.00000000e+00  0.00000000e+00  0.00000000e+00\n",
      "   0.00000000e+00  0.00000000e+00  0.00000000e+00  0.00000000e+00\n",
      "   0.00000000e+00  0.00000000e+00  0.00000000e+00  0.00000000e+00\n",
      "   0.00000000e+00  0.00000000e+00  0.00000000e+00  0.00000000e+00\n",
      "   0.00000000e+00  0.00000000e+00  0.00000000e+00  0.00000000e+00\n",
      "   4.07100216e-19 -5.45052079e-19  2.50255912e-04 -9.40647453e-04\n",
      "  -2.19995385e-17 -1.07207438e-15 -8.96942050e-03 -2.50453225e-03\n",
      "  -1.48906110e-17  5.76973354e-03  0.00000000e+00  0.00000000e+00\n",
      "   0.00000000e+00  0.00000000e+00  0.00000000e+00  0.00000000e+00\n",
      "   0.00000000e+00  0.00000000e+00  0.00000000e+00  0.00000000e+00\n",
      "   0.00000000e+00  0.00000000e+00  0.00000000e+00  0.00000000e+00\n",
      "   0.00000000e+00  0.00000000e+00  0.00000000e+00  0.00000000e+00\n",
      "   0.00000000e+00  0.00000000e+00]\n",
      " [ 0.00000000e+00  0.00000000e+00  0.00000000e+00  0.00000000e+00\n",
      "   0.00000000e+00  0.00000000e+00  0.00000000e+00  0.00000000e+00\n",
      "   0.00000000e+00  0.00000000e+00  0.00000000e+00  0.00000000e+00\n",
      "   0.00000000e+00  0.00000000e+00  0.00000000e+00  0.00000000e+00\n",
      "   0.00000000e+00  0.00000000e+00  0.00000000e+00  0.00000000e+00\n",
      "   0.00000000e+00  0.00000000e+00  0.00000000e+00  0.00000000e+00\n",
      "   0.00000000e+00  0.00000000e+00  0.00000000e+00  0.00000000e+00\n",
      "   0.00000000e+00  0.00000000e+00  5.12854193e-03 -7.17160210e-04\n",
      "  -7.00507984e-18 -4.00274954e-18 -7.79873197e-04  2.65062311e-03\n",
      "  -6.30435072e-18 -1.09512981e-15 -1.16396974e-03  4.07100216e-19\n",
      "   0.00000000e+00  0.00000000e+00  0.00000000e+00  0.00000000e+00\n",
      "   0.00000000e+00  0.00000000e+00  0.00000000e+00  0.00000000e+00\n",
      "   0.00000000e+00  0.00000000e+00]\n",
      " [ 0.00000000e+00  0.00000000e+00  0.00000000e+00  0.00000000e+00\n",
      "   0.00000000e+00  0.00000000e+00  0.00000000e+00  0.00000000e+00\n",
      "   0.00000000e+00  0.00000000e+00  0.00000000e+00  0.00000000e+00\n",
      "   0.00000000e+00  0.00000000e+00  0.00000000e+00  0.00000000e+00\n",
      "   0.00000000e+00  0.00000000e+00  0.00000000e+00  0.00000000e+00\n",
      "   0.00000000e+00  0.00000000e+00  0.00000000e+00  0.00000000e+00\n",
      "   0.00000000e+00  0.00000000e+00  0.00000000e+00  0.00000000e+00\n",
      "   0.00000000e+00  0.00000000e+00 -7.17160210e-04  5.09963957e-03\n",
      "   6.21196070e-17  9.39313906e-18  1.81316124e-03  1.14662619e-03\n",
      "  -4.86789930e-18 -4.73434041e-16  9.89670549e-04 -5.45052079e-19\n",
      "   0.00000000e+00  0.00000000e+00  0.00000000e+00  0.00000000e+00\n",
      "   0.00000000e+00  0.00000000e+00  0.00000000e+00  0.00000000e+00\n",
      "   0.00000000e+00  0.00000000e+00]\n",
      " [ 0.00000000e+00  0.00000000e+00  0.00000000e+00  0.00000000e+00\n",
      "   0.00000000e+00  0.00000000e+00  0.00000000e+00  0.00000000e+00\n",
      "   0.00000000e+00  0.00000000e+00  0.00000000e+00  0.00000000e+00\n",
      "   0.00000000e+00  0.00000000e+00  0.00000000e+00  0.00000000e+00\n",
      "   0.00000000e+00  0.00000000e+00  0.00000000e+00  0.00000000e+00\n",
      "   0.00000000e+00  0.00000000e+00  0.00000000e+00  0.00000000e+00\n",
      "   0.00000000e+00  0.00000000e+00  0.00000000e+00  0.00000000e+00\n",
      "   0.00000000e+00  0.00000000e+00 -7.00507984e-18  6.21196070e-17\n",
      "   2.40685020e-05 -6.21018904e-05  3.87874127e-17 -2.58608788e-17\n",
      "  -1.85105520e-04 -1.36397372e-04  3.15005270e-17  2.50255912e-04\n",
      "   0.00000000e+00  0.00000000e+00  0.00000000e+00  0.00000000e+00\n",
      "   0.00000000e+00  0.00000000e+00  0.00000000e+00  0.00000000e+00\n",
      "   0.00000000e+00  0.00000000e+00]\n",
      " [ 0.00000000e+00  0.00000000e+00  0.00000000e+00  0.00000000e+00\n",
      "   0.00000000e+00  0.00000000e+00  0.00000000e+00  0.00000000e+00\n",
      "   0.00000000e+00  0.00000000e+00  0.00000000e+00  0.00000000e+00\n",
      "   0.00000000e+00  0.00000000e+00  0.00000000e+00  0.00000000e+00\n",
      "   0.00000000e+00  0.00000000e+00  0.00000000e+00  0.00000000e+00\n",
      "   0.00000000e+00  0.00000000e+00  0.00000000e+00  0.00000000e+00\n",
      "   0.00000000e+00  0.00000000e+00  0.00000000e+00  0.00000000e+00\n",
      "   0.00000000e+00  0.00000000e+00 -4.00274954e-18  9.39313906e-18\n",
      "  -6.21018904e-05  2.40971510e-04 -3.91457567e-18  7.96665359e-17\n",
      "   7.84079092e-04  1.96401605e-04  2.71620286e-19 -9.40647453e-04\n",
      "   0.00000000e+00  0.00000000e+00  0.00000000e+00  0.00000000e+00\n",
      "   0.00000000e+00  0.00000000e+00  0.00000000e+00  0.00000000e+00\n",
      "   0.00000000e+00  0.00000000e+00]\n",
      " [ 0.00000000e+00  0.00000000e+00  0.00000000e+00  0.00000000e+00\n",
      "   0.00000000e+00  0.00000000e+00  0.00000000e+00  0.00000000e+00\n",
      "   0.00000000e+00  0.00000000e+00  0.00000000e+00  0.00000000e+00\n",
      "   0.00000000e+00  0.00000000e+00  0.00000000e+00  0.00000000e+00\n",
      "   0.00000000e+00  0.00000000e+00  0.00000000e+00  0.00000000e+00\n",
      "   0.00000000e+00  0.00000000e+00  0.00000000e+00  0.00000000e+00\n",
      "   0.00000000e+00  0.00000000e+00  0.00000000e+00  0.00000000e+00\n",
      "   0.00000000e+00  0.00000000e+00 -7.79873197e-04  1.81316124e-03\n",
      "   3.87874127e-17 -3.91457567e-18  1.44397052e-02  6.21561215e-03\n",
      "  -6.08907142e-18 -2.60032092e-15  3.47996200e-03 -2.19995385e-17\n",
